
file: photo0.jpg
type: image
timestamp: 1650892052000
lat: 37.31639444444444
lng: -122.05073333333333
