
file: photo1.jpg
type: image
timestamp: 1622106385000
lat: 47.0364908
lng: -122.90060517
