
file: photo0.jpg
type: image
timestamp: 1651400601000
lat: 37.33001111111111
lng: -121.97491666666667
