
file: photo3.jpg
type: image
timestamp: 1653919258000
lat: 42.14910277777778
lng: -84.04059722222222
