
file: photo0.jpg
type: image
timestamp: 1653918373000
lat: 42.144422222222225
lng: -84.05373333333333
