
file: photo4.jpg
type: image
timestamp: 1653927850000
lat: 42.185738888888885
lng: -83.73598888888888
