
file: photo5.jpg
type: image
timestamp: 1653928933000
lat: 42.18578333333333
lng: -83.73594444444444
