
file: photo2.jpg
type: image
timestamp: 1654087107000
lat: 42.971155555555555
lng: -81.28998333333332
