
file: photo1.jpg
type: image
timestamp: 1654086418000
lat: 42.95803333333333
lng: -81.310825
