
file: photo3.jpg
type: image
timestamp: 1654088203000
lat: 42.98241111111111
lng: -81.24916666666667
