
file: photo4.jpg
type: image
timestamp: 1654088229000
lat: 42.98260833333334
lng: -81.24857222222222
