
file: photo0.jpg
type: image
timestamp: 1654073252000
lat: 42.74608055555556
lng: -81.70916111111111
