
file: photo6.jpg
type: image
timestamp: 1621770285000
lat: 43.5938161
lng: -122.02704987
