
file: photo15.jpg
type: image
timestamp: 1621801627000
lat: 44.04363733
lng: -123.07819652
