
file: photo7.jpg
type: image
timestamp: 1621771155000
lat: 43.61322705
lng: -122.06789836
