
file: photo17.jpg
type: image
timestamp: 1621802639000
lat: 44.0449574
lng: -123.05235544
