
file: photo1.jpg
type: image
timestamp: 1621758334000
lat: 43.32880243
lng: -121.75666185
