
file: photo4.jpg
type: image
timestamp: 1621768446000
lat: 43.57313516
lng: -121.97375644
