
file: photo10.jpg
type: image
timestamp: 1621793170000
lat: 44.02192208
lng: -122.92247653
