
file: photo16.jpg
type: image
timestamp: 1621801660000
lat: 44.04363733
lng: -123.07819652
