
file: photo0.jpg
type: image
timestamp: 1621757292000
lat: 43.28972988
lng: -121.76664174
