
file: photo14.jpg
type: image
timestamp: 1621801589000
lat: 44.04326153
lng: -123.07879513
