
file: photo8.jpg
type: image
timestamp: 1621780237000
lat: 43.7470639
lng: -122.51061398
