
file: photo2.jpg
type: image
timestamp: 1621762650000
lat: 43.44030749
lng: -121.86503246
