
file: photo13.jpg
type: image
timestamp: 1621801554000
lat: 44.04326153
lng: -123.07879513
