
file: photo9.jpg
type: image
timestamp: 1621780555000
lat: 43.74654155
lng: -122.52768401
