
file: photo3.jpg
type: image
timestamp: 1621765361000
lat: 43.48743687
lng: -121.90884223
