
file: photo11.jpg
type: image
timestamp: 1621796116000
lat: 44.04448848
lng: -123.04750666
