
file: photo5.jpg
type: image
timestamp: 1621768456000
lat: 43.57313516
lng: -121.97375644
