
file: photo12.jpg
type: image
timestamp: 1621799739000
lat: 44.05489514
lng: -123.09268023
