
file: photo0.jpg
type: image
timestamp: 1619543915000
lat: 37.304478527777775
lng: -121.95933158333334
