
file: photo2.jpg
type: image
timestamp: 1621227441000
lat: 38.89971749
lng: -121.583041
