
file: photo0.jpg
type: image
timestamp: 1621216328000
lat: 38.89971749
lng: -121.583041
