
file: photo3.jpg
type: image
timestamp: 1621248008000
lat: 39.19328415
lng: -121.65996399
