
file: photo1.jpg
type: image
timestamp: 1621259443000
lat: 39.48258734
lng: -121.74478026
