
file: photo1.jpg
type: image
timestamp: 1621217560000
lat: 38.89971749
lng: -121.583041
