
file: photo2.jpg
type: image
timestamp: 1621350251000
lat: 40.40477011
lng: -121.99178789
