
file: photo1.jpg
type: image
timestamp: 1621345967000
lat: 40.32373763
lng: -122.06458669
