
file: photo0.jpg
type: image
timestamp: 1621326560000
lat: 39.92752181
lng: -122.19744308
