
file: photo0.jpg
type: image
timestamp: 1621306569000
lat: 39.92610391
lng: -122.19753541
