
file: photo1.jpg
type: image
timestamp: 1621324608000
lat: 39.92610391
lng: -122.19753541
