
file: photo0.jpg
type: image
timestamp: 1621492160000
lat: 41.00256236
lng: -121.44531857
