
file: photo6.jpg
type: image
timestamp: 1621519742000
lat: 41.19064884
lng: -120.9443114
