
file: photo3.jpg
type: image
timestamp: 1621502821000
lat: 41.08687463
lng: -121.26697521
