
file: photo4.jpg
type: image
timestamp: 1621503100000
lat: 41.08503319
lng: -121.26646791
