
file: photo8.jpg
type: image
timestamp: 1621521307000
lat: 41.22849309
lng: -120.92124541
