
file: photo2.jpg
type: image
timestamp: 1621497904000
lat: 41.07115692
lng: -121.33684643
