
file: photo1.jpg
type: image
timestamp: 1621492986000
lat: 41.00534303
lng: -121.43729829
