
file: photo5.jpg
type: image
timestamp: 1621506468000
lat: 41.05999878
lng: -121.2167708
