
file: photo9.jpg
type: image
timestamp: 1621525495000
lat: 41.2881427
lng: -120.89120322
