
file: photo0.jpg
type: image
timestamp: 1621411671000
lat: 40.50463165
lng: -121.83489495
