
file: photo12.jpg
type: image
timestamp: 1621452785000
lat: 40.98861927
lng: -121.51379804
