
file: photo7.jpg
type: image
timestamp: 1621450699000
lat: 40.97245552
lng: -121.56363366
