
file: photo12.jpg
type: image
timestamp: 1621455081000
lat: 40.99696919
lng: -121.49640902
