
file: photo1.jpg
type: image
timestamp: 1621406711000
lat: 40.4927459
lng: -121.88722468
