
file: photo5.jpg
type: image
timestamp: 1621428254000
lat: 40.56237183
lng: -121.57572686
