
file: photo0.jpg
type: image
timestamp: 1621406055000
lat: 40.49228426
lng: -121.88679477
