
file: photo6.jpg
type: image
timestamp: 1621428144000
lat: 40.56131436
lng: -121.5761863
