
file: photo3.jpg
type: image
timestamp: 1621428014000
lat: 40.56005489
lng: -121.57665377
