
file: photo4.jpg
type: image
timestamp: 1621420843000
lat: 40.53227303
lng: -121.62943512
