
file: photo10.jpg
type: image
timestamp: 1621450701000
lat: 40.97245552
lng: -121.56363366
