
file: photo11.jpg
type: image
timestamp: 1621455079000
lat: 40.99696919
lng: -121.49640902
