
file: photo3.jpg
type: image
timestamp: 1621417130000
lat: 40.51817638
lng: -121.68623009
