
file: photo9.jpg
type: image
timestamp: 1621451096000
lat: 40.98080268
lng: -121.54682239
