
file: photo8.jpg
type: image
timestamp: 1621949436000
lat: 45.51572402
lng: -122.6774336
