
file: photo11.jpg
type: image
timestamp: 1621975996000
lat: 46.1030103
lng: -122.96343004
