
file: photo0.jpg
type: image
timestamp: 1621925436000
lat: 45.2477905
lng: -122.87992241
