
file: photo4.jpg
type: image
timestamp: 1621946993000
lat: 45.47909531
lng: -122.67062843
