
file: photo3.jpg
type: image
timestamp: 1621945748000
lat: 45.46442156
lng: -122.66839541
