
file: photo1.jpg
type: image
timestamp: 1621944665000
lat: 45.43516868
lng: -122.65357962
