
file: photo4.jpg
type: image
timestamp: 1621947332000
lat: 45.48634073
lng: -122.67209531
