
file: photo1.jpg
type: image
timestamp: 1621929149000
lat: 45.24970049
lng: -122.8838175
