
file: photo10.jpg
type: image
timestamp: 1621975823000
lat: 46.10112645
lng: -122.96507687
