
file: photo8.jpg
type: image
timestamp: 1621955938000
lat: 45.58101563
lng: -122.7652316
