
file: photo7.jpg
type: image
timestamp: 1621948394000
lat: 45.50204806
lng: -122.67214441
