
file: photo0.jpg
type: image
timestamp: 1621577048000
lat: 41.48538656
lng: -120.97045585
