
file: photo1.jpg
type: image
timestamp: 1621577539000
lat: 41.48538656
lng: -120.97045585
