
file: photo5.jpg
type: image
timestamp: 1654358789000
lat: 43.77551944444444
lng: -79.13419444444445
