
file: photo3.jpg
type: image
timestamp: 1654352091000
lat: 43.70850555555556
lng: -79.23967222222223
