
file: photo4.jpg
type: image
timestamp: 1654352861000
lat: 43.72123055555556
lng: -79.23668611111111
