
file: photo2.jpg
type: image
timestamp: 1654346554000
lat: 43.648649999999996
lng: -79.38669166666668
