
file: photo1.jpg
type: image
timestamp: 1654346539000
lat: 43.64782777777778
lng: -79.39020833333333
