
file: photo0.jpg
type: image
timestamp: 1654338645000
lat: 43.67322222222222
lng: -79.39940277777778
