
file: photo0.jpg
type: image
timestamp: 1654149844000
lat: 43.15047222222222
lng: -80.18070555555556
