
file: photo1.jpg
type: image
timestamp: 1654162167000
lat: 43.25358888888889
lng: -79.87028333333333
