
file: photo3.jpg
type: image
timestamp: 1654164719000
lat: 43.27921111111111
lng: -79.89072222222222
