
file: photo5.jpg
type: image
timestamp: 1654167540000
lat: 43.31980277777778
lng: -79.79981666666666
