
file: photo2.jpg
type: image
timestamp: 1654162209000
lat: 43.25358888888889
lng: -79.87028333333333
