
file: photo6.jpg
type: image
timestamp: 1654188495000
lat: 43.75025
lng: -79.48752777777779
