
file: photo7.jpg
type: image
timestamp: 1654189264000
lat: 43.76635
lng: -79.49451666666667
