
file: photo2.jpg
type: image
timestamp: 1653991662000
lat: 42.35411944444444
lng: -82.9899638888889
