
file: photo3.jpg
type: image
timestamp: 1653994044000
lat: 42.39105277777778
lng: -82.8930138888889
