
file: photo4.jpg
type: image
timestamp: 1653995699000
lat: 42.45419444444445
lng: -82.87361388888888
