
file: photo1.jpg
type: image
timestamp: 1653985269000
lat: 42.23517777777778
lng: -83.14837222222224
