
file: photo10.jpg
type: image
timestamp: 1654021008000
lat: 42.60156944444444
lng: -82.19169166666667
