
file: photo11.jpg
type: image
timestamp: 1654026392000
lat: 42.705533333333335
lng: -82.0036361111111
