
file: photo13.jpg
type: image
timestamp: 1654030535000
lat: 42.70986388888889
lng: -81.97403333333334
