
file: photo8.jpg
type: image
timestamp: 1654015442000
lat: 42.60671388888889
lng: -82.51849166666666
