
file: photo7.jpg
type: image
timestamp: 1654014235000
lat: 42.618830555555554
lng: -82.53016666666666
