
file: photo0.jpg
type: image
timestamp: 1653985124000
lat: 42.234919444444444
lng: -83.14834166666667
