
file: photo9.jpg
type: image
timestamp: 1654015477000
lat: 42.606722222222224
lng: -82.51929444444444
