
file: photo12.jpg
type: image
timestamp: 1654026920000
lat: 42.705650000000006
lng: -81.973225
