
file: photo5.jpg
type: image
timestamp: 1654013253000
lat: 42.618769444444446
lng: -82.53022222222222
