
file: photo1.jpg
type: image
timestamp: 1621865887000
lat: 44.77790988
lng: -123.02529041
