
file: photo3.jpg
type: image
timestamp: 1621870543000
lat: 44.84167478
lng: -123.02579664
