
file: photo0.jpg
type: image
timestamp: 1621859032000
lat: 44.63071877
lng: -123.08707987
