
file: photo4.jpg
type: image
timestamp: 1621884083000
lat: 45.19298198
lng: -122.89624369
