
file: photo2.jpg
type: image
timestamp: 1621870516000
lat: 44.84099865
lng: -123.02536125
