
file: photo1.jpg
type: image
timestamp: 1621088165000
lat: 37.58916038
lng: -121.95792147
