
file: photo2.jpg
type: image
timestamp: 1621109412000
lat: 37.99879351
lng: -122.00114159
