
file: photo0.jpg
type: image
timestamp: 1621072308000
lat: 37.30109975
lng: -122.01097021
